3660
2127
2698
2674
1856
2376
938
1501
254
2469
4391
483
4280
3021
2182
4761
4209
4674
4163
4446
1196
3204
4076
4604
1065
755
421
897
4604
4413
241
4615
3016
3016
2425
3903
2866
4949
842
2211
1078
4488
994
4893
3782
3910
2597
3146
2756
3727
640
4444
675
1719
1148
303
185
3741
1743
1292
3620
230
1117
4338
1103
4577
3529
4713
3656
2801
2527
26
1659
3434
1240
802
831
1423
2909
4248
1024
2215
59
3327
3761
3562
2729
13
1930
2636
3255
4103
214
4422
3169
3295
2580
339
2146
2235
3271
2621
4013
1882
71
2602
3373
4290
4346
576
4446
3069
2038
3893
302
97
3946
3640
2681
2162
1393
816
4328
435
3041
4054
4815
590
719
143
335
4190
3159
1025
3361
72
2918
3972
1399
2308
309
1872
1385
4368
1446
2886
1140
4599
2352
2004
4553
1646
4175
1748
3227
4146
336
4372
4290
3531
3485
4382
4047
1920
2294
2386
2412
858
2447
812
4471
3926
2833
414
1176
3909
4343
3869
252
626
1293
2855
535
3280
1975
3469
3315
1265
1775
3677
1836
3138
1161
3575
4731
4564
4154
1834
3295
3616
1447
2875
1095
2911
3290
544
3006
1591
2061
291
4146
3036
1272
520
4313
3453
4666
3909
239
784
528
2444
3132
1500
1434
1477
2234
3413
3830
590
1487
2393
676
959
1217
4898
201
4415
4343
3867
4152
3857
1558
4272
2428
554
3235
2462
1289
934
687
1365
753
2966
2504
1274
4837
3832
3
910
2491
813
1549
3745
1756
4753
751
4878
1442
4934
1965
3716
801
4547
1784
2537
1828
786
2632
3873
788
1305
1390
2184
1948
695
3894
1228
3761
4000
4856
1027
690
1402
2997
3358
2355
84
3792
4912
3435
2668
4524
1740
1453
3914
3120
507
3923
168
2911
4232
1854
4964
2175
1341
350
1964
409
601
3943
3396
471
1416
1776
2756
4634
1279
1957
359
2963
3191
2225
3327
722
4804
860
4038
743
1249
3603
2365
3102
3400
3313
4722
1886
300
2723
1418
1315
2501
1134
548
3943
2827
2520
4241
952
1446
1221
4583
4317
375
114
190
1727
182
3523
1662
960
3421
1871
4051
3508
3817
1094
4991
3969
79
2917
612
3603
1479
348
4993
4660
2334
405
4797
3125
305
2911
4246
3173
221
3265
2126
4490
4259
828
3751
2185
2662
2566
1917
3586
1960
3926
996
166
2948
1083
1696
1507
4467
2941
2516
4412
4029
946
631
507
1084
3794
3085
1672
1559
76
4476
2952
4931
4573
646
2305
13
3449
3725
152
1916
576
3563
3535
3872
427
3941
2984
3812
4937
3232
3787
4299
1641
1516
4162
4496
3415
2226
2787
1837
2325
4621
900
2859
4513
780
3312
2520
580
2705
3671
2953
416
695
9
2196
1855
4076
1064
4443
1665
386
1689
2055
2022
230
3517
1979
1592
3349
4935
2733
1203
1199
3458
3811
4625
1734
4162
1176
4097
4446
184
4517
3534
3916
1558
3080
2299
3576
2975
3954
2829
3337
2681
3247
1177
766
3142
3086
528
3935
4592
2065
4472
3816
1898
3993
901
4623
3483
2407
4618
4758
3718
1666
4352
859
1408
526
1493
1684
1150
135
1975
3591
4911
3584
4670
4142
601
266
1342
1444
1915
3556
1987
1969
1370
4177
4036
3542
3107
888
4508
1346
1388
1376
2718
1643
4506
4131
3871
1336
1040
189
233
252
3845
4608
4004
827
1429
2167
930
585
4189
756
2022
2889
2020
1623
2199
473
1113
2293
2922
3487
4652
2986
3995
4422
2509
2170
251
4168
2075
1
207
518
1090
2898
1654
2279
364
4056
1828
686
3755
1089
4206
1783
2846
2923
599
3896
3939
1268
1806
1029
2695
4863
1584
1054
1254
4347
1292
3458
3760
4320
380
3155
596
1266
2780
87
4623
4824
2247
2317
771
4667
189
1596
3390
337
3851
418
4861
3142
2972
3496
3940
2435
3768
913
740
470
824
14
4111
3503
2131
1138
2549
2571
4011
4091
4315
3908
4023
4318
3321
4871
4207
2908
4741
1210
3116
385
1461
4465
2916
4703
4350
4337
298
459
4978
3931
3143
3426
1293
3094
2276
1824
4937
4555
2127
2544
4301
489
4054
2456
3143
250
631
2302
2164
1724
1890
1495
617
3016
2373
4837
3252
786
604
3540
3817
2465
4044
4850
864
4879
1181
192
3515
264
2355
3236
3230
2638
2629
1261
2904
2345
2352
90
1243
631
4027
4458
2944
3384
3467
117
2113
1498
2079
1896
3065
1567
4565
486
2660
4407
3128
1041
2740
3089
3287
2117
2885
3153
2078
3796
1041
788
320
4439
3314
2568
2281
4150
131
3206
616
1416
4797
3022
3583
1174
1922
99
1196
970
705
66
4521
921
1708
4319
793
4221
2740
2458
2991
420
4490
3215
4760
4711
3023
4713
1451
1268
1215
1623
574
3770
3784
417
2579
188
1554
477
3971
4484
3640
3659
4926
4298
2101
1378
3678
1247
2453
2816
3691
1956
1315
4634
2802
3032
2696
3086
1308
1546
3569
1948
2
4497
4785
3798
2587
4485
1191
2908
4268
4095
1907
353
4339
2962
1210
2721
372
4032
2556
510
2036
4410
2712
1877
3392
1492
3288
4171
4524
1779
1319
1350
444
2734
3165
800
1994
129
917
2654
2889
425
2874
1525
42
1011
4616
1233
2804
1467
1435
2401
3550
675
1410
3535
4756
2733
4071
3321
1363
1560
1111
2329
1954
2036
1716
1223
2396
1492
2366
395
1535
1862
461
4294
3391
4316
4323
2556
1457
490
3054
1505
1174
4942
1767
571
3493
2631
3973
2082
3507
4152
810
2210
3431
2297
3690
1589
64
1905
3585
1299
1547
901
2630
4287
1274
4285
114
369
1376
855
3809
3853
4160
3333
4201
4845
4172
1602
4499
1445
3023
3692
1155
4964
4262
3556
4687
3975
2288
2032
2754
3910
592
4970
2932
2411
2517
1592
3135
1464
3957
2358
2225
4701
