1
2
3
9
13
13
14
26
42
59
64
66
71
72
76
79
84
87
90
97
99
114
114
117
129
131
135
143
152
166
168
182
184
185
188
189
189
190
192
201
207
214
221
230
230
233
239
241
250
251
252
252
254
264
266
291
298
300
302
303
305
309
320
335
336
337
339
348
350
353
359
364
369
372
375
380
385
386
395
405
409
414
416
417
418
420
421
425
427
435
444
459
461
470
471
473
477
483
486
489
490
507
507
510
518
520
526
528
528
535
544
548
554
571
574
576
576
580
585
590
590
592
596
599
601
601
604
612
616
617
626
631
631
631
640
646
675
675
676
686
687
690
695
695
705
719
722
740
743
751
753
755
756
766
771
780
784
786
786
788
788
793
800
801
802
810
812
813
816
824
827
828
831
842
855
858
859
860
864
888
897
900
901
901
910
913
917
921
930
934
938
946
952
959
960
970
994
996
1011
1024
1025
1027
1029
1040
1041
1041
1054
1064
1065
1078
1083
1084
1089
1090
1094
1095
1103
1111
1113
1117
1134
1138
1140
1148
1150
1155
1161
1174
1174
1176
1176
1177
1181
1191
1196
1196
1199
1203
1210
1210
1215
1217
1221
1223
1228
1233
1240
1243
1247
1249
1254
1261
1265
1266
1268
1268
1272
1274
1274
1279
1289
1292
1292
1293
1293
1299
1305
1308
1315
1315
1319
1336
1341
1342
1346
1350
1363
1365
1370
1376
1376
1378
1385
1388
1390
1393
1399
1402
1408
1410
1416
1416
1418
1423
1429
1434
1435
1442
1444
1445
1446
1446
1447
1451
1453
1457
1461
1464
1467
1477
1479
1487
1492
1492
1493
1495
1498
1500
1501
1505
1507
1516
1525
1535
1546
1547
1549
1554
1558
1558
1559
1560
1567
1584
1589
1591
1592
1592
1596
1602
1623
1623
1641
1643
1646
1654
1659
1662
1665
1666
1672
1684
1689
1696
1708
1716
1719
1724
1727
1734
1740
1743
1748
1756
1767
1775
1776
1779
1783
1784
1806
1824
1828
1828
1834
1836
1837
1854
1855
1856
1862
1871
1872
1877
1882
1886
1890
1896
1898
1905
1907
1915
1916
1917
1920
1922
1930
1948
1948
1954
1956
1957
1960
1964
1965
1969
1975
1975
1979
1987
1994
2004
2020
2022
2022
2032
2036
2036
2038
2055
2061
2065
2075
2078
2079
2082
2101
2113
2117
2126
2127
2127
2131
2146
2162
2164
2167
2170
2175
2182
2184
2185
2196
2199
2210
2211
2215
2225
2225
2226
2234
2235
2247
2276
2279
2281
2288
2293
2294
2297
2299
2302
2305
2308
2317
2325
2329
2334
2345
2352
2352
2355
2355
2358
2365
2366
2373
2376
2386
2393
2396
2401
2407
2411
2412
2425
2428
2435
2444
2447
2453
2456
2458
2462
2465
2469
2491
2501
2504
2509
2516
2517
2520
2520
2527
2537
2544
2549
2556
2556
2566
2568
2571
2579
2580
2587
2597
2602
2621
2629
2630
2631
2632
2636
2638
2654
2660
2662
2668
2674
2681
2681
2695
2696
2698
2705
2712
2718
2721
2723
2729
2733
2733
2734
2740
2740
2754
2756
2756
2780
2787
2801
2802
2804
2816
2827
2829
2833
2846
2855
2859
2866
2874
2875
2885
2886
2889
2889
2898
2904
2908
2908
2909
2911
2911
2911
2916
2917
2918
2922
2923
2932
2941
2944
2948
2952
2953
2962
2963
2966
2972
2975
2984
2986
2991
2997
3006
3016
3016
3016
3021
3022
3023
3023
3032
3036
3041
3054
3065
3069
3080
3085
3086
3086
3089
3094
3102
3107
3116
3120
3125
3128
3132
3135
3138
3142
3142
3143
3143
3146
3153
3155
3159
3165
3169
3173
3191
3204
3206
3215
3227
3230
3232
3235
3236
3247
3252
3255
3265
3271
3280
3287
3288
3290
3295
3295
3312
3313
3314
3315
3321
3321
3327
3327
3333
3337
3349
3358
3361
3373
3384
3390
3391
3392
3396
3400
3413
3415
3421
3426
3431
3434
3435
3449
3453
3458
3458
3467
3469
3483
3485
3487
3493
3496
3503
3507
3508
3515
3517
3523
3529
3531
3534
3535
3535
3540
3542
3550
3556
3556
3562
3563
3569
3575
3576
3583
3584
3585
3586
3591
3603
3603
3616
3620
3640
3640
3656
3659
3660
3671
3677
3678
3690
3691
3692
3716
3718
3725
3727
3741
3745
3751
3755
3760
3761
3761
3768
3770
3782
3784
3787
3792
3794
3796
3798
3809
3811
3812
3816
3817
3817
3830
3832
3845
3851
3853
3857
3867
3869
3871
3872
3873
3893
3894
3896
3903
3908
3909
3909
3910
3910
3914
3916
3923
3926
3926
3931
3935
3939
3940
3941
3943
3943
3946
3954
3957
3969
3971
3972
3973
3975
3993
3995
4000
4004
4011
4013
4023
4027
4029
4032
4036
4038
4044
4047
4051
4054
4054
4056
4071
4076
4076
4091
4095
4097
4103
4111
4131
4142
4146
4146
4150
4152
4152
4154
4160
4162
4162
4163
4168
4171
4172
4175
4177
4189
4190
4201
4206
4207
4209
4221
4232
4241
4246
4248
4259
4262
4268
4272
4280
4285
4287
4290
4290
4294
4298
4299
4301
4313
4315
4316
4317
4318
4319
4320
4323
4328
4337
4338
4339
4343
4343
4346
4347
4350
4352
4368
4372
4382
4391
4407
4410
4412
4413
4415
4422
4422
4439
4443
4444
4446
4446
4446
4458
4465
4467
4471
4472
4476
4484
4485
4488
4490
4490
4496
4497
4499
4506
4508
4513
4517
4521
4524
4524
4547
4553
4555
4564
4565
4573
4577
4583
4592
4599
4604
4604
4608
4615
4616
4618
4621
4623
4623
4625
4634
4634
4652
4660
4666
4667
4670
4674
4687
4701
4703
4711
4713
4713
4722
4731
4741
4753
4756
4758
4760
4761
4785
4797
4797
4804
4815
4824
4837
4837
4845
4850
4856
4861
4863
4871
4878
4879
4893
4898
4911
4912
4926
4931
4934
4935
4937
4937
4942
4949
4964
4964
4970
4978
4991
4993
